0.518
0.5365
0.52196
0.519
0.516
0.52206
0.53592
0.538
0.53232
0.52
0.52552
0.522
0.5122
0.52268
0.526
0.5314
0.513
0.516
0.537
0.516
0.51574
0.51332
0.529
0.527
0.531
0.523
0.543
0.526
0.53344
0.517
0.541
0.519
0.511
0.522
0.535
0.515
0.508
0.53
0.51632
0.525
0.535
0.526
0.51892
0.532
0.522
0.516
0.534
0.531
0.525
0.517
0.525
0.522
0.532
0.517
0.525
0.524
0.52
0.526
0.5135
0.5232
0.505
0.529
0.529
0.5216
0.523
0.524
0.53432
0.5215
0.528
0.525
0.52256
0.529
0.529
0.5185
0.52936
0.524
0.522
0.51572
0.53568
0.5375
0.52
0.525
0.538
0.535
0.51568
0.52024
0.52652
0.538
0.523
0.534
0.532
0.523
0.5225
0.513
0.53
0.51816
0.52516
0.5395
0.53
0.5172
