0.537861
0.539745
0.533891
0.537133
0.535946
0.538847
0.534234
0.540658
0.533991
0.538084
0.538251
0.542248
0.531936
0.533777
0.534503
0.533462
0.539038
0.535676
0.535897
0.536599
0.538912
0.535586
0.540418
0.534809
0.53388
0.536112
0.533956
0.537435
0.536293
0.536851
0.538024
0.529346
0.536319
0.540179
0.536909
0.533583
0.535487
0.5363
0.5336
0.538105
0.539728
0.532701
0.535061
0.536507
0.532656
0.53538
0.53872
0.532456
0.540909
0.537149
0.535314
0.537009
0.541763
0.534538
0.53587
0.537739
0.532101
0.539206
0.53834
0.536772
0.534927
0.53635
0.533953
0.534452
0.540131
0.536958
0.5359
0.538323
0.532292
0.53699
0.535606
0.533637
0.534549
0.537903
0.532427
0.535355
0.542314
0.534853
0.536623
0.536042
0.54028
0.530506
0.532956
0.533397
0.537485
0.541386
0.540212
0.533502
0.531793
0.538074
0.539421
0.538091
0.536229
0.539697
0.535965
0.535094
0.537824
0.535797
0.540689
0.52999
