0.507
0.51782
0.519
0.532
0.531
0.5265
0.51692
0.507
0.521
0.52472
0.518
0.528
0.526
0.517
0.522
0.534
0.53424
0.52
0.536
0.5286
0.53674
0.516
0.529
0.52
0.526
0.52668
0.53844
0.522
0.522
0.524
0.523
0.51
0.538
0.53176
0.519
0.51456
0.528
0.524
0.538
0.51
0.5228
0.514
0.536
0.529
0.521
0.532
0.51268
0.52396
0.533
0.51788
0.524
0.52484
0.536
0.524
0.511
0.51
0.533
0.533
0.5285
0.528
0.53948
0.521
0.516
0.539
0.535
0.53752
0.527
0.5325
0.547
0.52464
0.517
0.524
0.528
0.5365
0.52736
0.539
0.534
0.528
0.516
0.5105
0.506
0.536
0.519
0.52524
0.53268
0.532
0.516
0.51416
0.52516
0.51
0.51616
0.528
0.5315
0.511
0.512
0.539
0.52
0.5355
0.526
0.527
