0.54046
0.544681
0.540592
0.538748
0.538928
0.541312
0.538624
0.545391
0.538867
0.547909
0.540908
0.554639
0.54056
0.533561
0.540415
0.541012
0.547824
0.544402
0.535955
0.537001
0.540721
0.542617
0.542366
0.536651
0.537054
0.543034
0.538902
0.543021
0.538595
0.540316
0.542415
0.536401
0.544956
0.536253
0.540349
0.539228
0.542757
0.539565
0.542077
0.539362
0.541818
0.538525
0.537574
0.53894
0.535547
0.538117
0.537568
0.537264
0.548926
0.542271
0.538514
0.54261
0.54349
0.536496
0.539961
0.539622
0.532484
0.541873
0.5466
0.543534
0.538924
0.540067
0.538365
0.535597
0.541939
0.541148
0.533129
0.542407
0.543366
0.541263
0.538169
0.538175
0.543287
0.536926
0.539745
0.539928
0.547953
0.543423
0.542245
0.542587
0.543434
0.537603
0.540332
0.542046
0.542086
0.54121
0.539538
0.544289
0.537614
0.541642
0.541523
0.540391
0.543999
0.542523
0.538046
0.540329
0.54053
0.542633
0.546161
0.541201
