 
4.54188308594 3.93228694479 4.40584425131 3.11440277596
3.0706478699 3.03015913593 3.39569235605 2.55055370028
1.91353011245 1.89443270672 2.16195220331 1.84973668477
2.88564442107 2.6378859242 2.98463941041 2.35243614281
2.37968487829 3.34766614613 3.80315445839 2.95463340333
0.998393818385 0.808501233298 1.00825287997 0.954913703996
2.429404509 2.27796625524 2.57016747864 2.12947175485
1.26495672573 1.10993163189 1.36800117302 1.26009342286
1.12492912483 0.602428496398 0.760310560262 0.73506335739
1.6006518198 1.47761523538 1.75539774165 1.56647090424
