0.01025 0.011875 1.45509379456 1.88546601022 2.30166762872 1.86805184365
0.01025 0.011875 0.044169544354 0.126154956523 0.117684586154 0.359822210566
0.0 0.007 1.41200838127 1.58772500792 2.29190067603 1.74047207922
0.0 0.007 0.0325386970705 0.0664214140661 0.0782927049692 0.199431318714
0.008625 0.01025 1.44904100506 1.76616028759 2.52572755982 1.7467555796
0.008625 0.01025 0.0312313789214 0.080848971865 0.0939257114533 0.276409326879
0.015125 0.01675 1.52274847775 1.76911092944 2.39680007551 7.25758239975
0.015125 0.01675 0.169496681018 0.522079962786 0.563756800751 12.4183755836
0.0135 0.015125 1.32186701697 2.34428592639 2.35967538161 3.11098919202
0.0135 0.015125 0.117123206905 0.471893868577 0.279951200258 1.79235730311
0.018375 0.02 1.29987901696 2.67860604068 4.73266872882 3.23657124694
0.018375 0.02 0.307474519192 2.0297353791 0.765747518637 44.7359887437
0.01675 0.018375 1.29070777853 2.08303735325 1.82225434612 5.00826149117
0.01675 0.018375 0.19506694618 0.810921112336 0.415386178425 5.72737094695
0.011875 0.0135 1.42720538124 1.88596463447 2.01249304658 3.00347907585
0.011875 0.0135 0.0592993695332 0.185265395268 0.138876880443 0.775149093835
0.007 0.008625 1.4789637708 1.68798623428 2.64881390383 1.15820817859
0.007 0.008625 0.0306414844701 0.0694038137609 0.0860271874137 0.169177623896
0.01525 0.016625 1.29596770665 2.65614510852 1.77861775321 43.6752249177
0.01525 0.016625 0.16359576039 0.83857684635 0.26880935732 42.9806833243
0.007 0.008375 1.49472776363 1.65986804767 2.66872866782 1.06898861619
0.007 0.008375 0.0331656918893 0.073911256677 0.0907429078794 0.16817699332
0.008375 0.00975 1.41352635324 1.78431254222 2.40065039105 2.04712849885
0.008375 0.00975 0.0731521794706 0.149537932059 0.10498083059 0.331637700825
0.013875 0.01525 1.18067029318 3.23868827121 2.35803772506 3.87804541955
0.013875 0.01525 0.122833642587 0.874677735384 0.318426386683 2.86265794497
0.011125 0.0125 1.45284887497 1.85927958381 2.13366607766 2.73789070798
0.011125 0.0125 0.0887864125993 0.222408368924 0.14352683093 0.684218441872
0.00975 0.011125 1.36822697134 2.08830720845 2.39245933632 1.71609628025
0.00975 0.011125 0.0450400160643 0.137238598568 0.101324604001 0.296400741651
0.0125 0.013875 1.52013357152 1.7156779224 2.47103806675 1.46411934298
0.0125 0.013875 0.0787879265843 0.223941028493 0.170690021755 0.522590916094
0.0 0.007 1.41200838127 1.58772500792 2.29190067603 1.74047207922
0.0 0.007 0.0325386970705 0.0664214140661 0.0782927049692 0.199431318714
0.016625 0.018 1.58258193739 1.30358947356 2.51394388542 2.20593131191
0.016625 0.018 0.230482681709 0.544456695103 0.555787769905 2.954371829
