0.0145 0.0163333333333 1.21408517866 3.16091211736 2.55795627703 1.45691557441
0.0145 0.0163333333333 0.0532784807048 0.347938790809 0.126634239893 0.422345867982
0.0126666666667 0.0145 1.23189175146 2.9249188148 2.65198307107 1.39026710463
0.0126666666667 0.0145 0.0520923006325 0.283114719346 0.127772626359 0.382660266934
0.0181666666667 0.02 1.14854184005 4.0396202553 2.05501402757 10.4782100108
0.0181666666667 0.02 0.0740360877844 0.766802179873 0.18089008564 8.61262653586
0.0 0.009 1.17555590383 2.42823141306 2.61392693269 1.05915071831
0.0 0.009 0.0377730069688 0.133375970239 0.102425554054 0.188870433401
0.009 0.0108333333333 1.19001943147 2.3950818123 2.58659370574 1.12693121899
0.009 0.0108333333333 0.0388084341509 0.142546373904 0.0927884816312 0.198655966928
0.0163333333333 0.0181666666667 1.11046533318 4.60470506283 2.62185415733 1.37211747876
0.0163333333333 0.0181666666667 0.0543988587571 0.710085951865 0.142159576582 0.498521973856
0.0108333333333 0.0126666666667 1.13669833654 2.95902949646 2.51580335571 1.61288937204
0.0108333333333 0.0126666666667 0.0387220681299 0.221981993394 0.0999186616656 0.322903168479
