 
0.839187906349 0.0586647136344 0.681095078014 0.869345261449
3.83787777463 0.0824682478255 4.67832651546 3.48575689591
2.87466302512 0.0708328013956 2.51408869762 2.74303833289
2.75227204779 0.0473901018651 2.28238844914 2.48769869622
1.40872267833 0.0326618548497 1.07318286226 1.38975778972
1.65757046724 0.0358773012469 1.34180684934 1.61886645113
3.31967334629 0.0513902975126 2.97137284186 3.0345377696
1.88822761807 0.0324940637352 1.58330861241 1.80925152324
2.15388973143 0.0333870225819 1.82599716613 2.02743052282
1.09884774717 0.026396131203 0.843434131304 1.10981284274
2.43092085517 0.0372835876384 2.05505658467 2.24815191
