 
3.50164015412 2.61974338779 2.88251212001 2.52058407113
1.37489033729 1.17219577098 1.34854534496 1.26438821365
2.69958595419 2.41913766077 2.66584874185 2.33729801822
2.19683096727 2.01085435114 2.23095756655 2.00926781524
2.26951145694 1.80249803909 2.01450289043 1.82682546819
1.01277986845 0.832450425383 0.958727427756 0.906210862515
1.17707381453 0.977948630591 1.13198117922 1.06610447546
2.48331937571 2.21450142372 2.44615981233 2.19159894789
1.99409265477 1.58950667685 1.79243569727 1.65900438026
3.82805895907 3.281590677 3.60274684658 2.94171692773
1.64557043049 1.37371677342 1.56639567308 1.46803429952
