0.009 0.010375 1.04 5.35 1.89 4.095 124.660735024
0.009 0.010375 0.0 0.0 0.0 0.0 0.0378452188186
0.013125 0.0145 1.04 5.35 1.89 4.095 124.455043202
0.013125 0.0145 0.0 0.0 0.0 0.0 0.0447049080002
0.0145 0.015875 1.04 5.35 1.89 4.095 124.319686397
0.0145 0.015875 0.0 0.0 0.0 0.0 0.050686938734
0.018625 0.02 1.04 5.35 1.89 4.095 124.156884894
0.018625 0.02 0.0 0.0 0.0 0.0 0.0849540224555
0.0 0.009 1.04 5.35 1.89 4.095 124.7198194
0.0 0.009 0.0 0.0 0.0 0.0 0.0426657040295
0.01725 0.018625 1.04 5.35 1.89 4.095 124.263631565
0.01725 0.018625 0.0 0.0 0.0 0.0 0.0760526530675
0.015875 0.01725 1.04 5.35 1.89 4.095 124.312218056
0.015875 0.01725 0.0 0.0 0.0 0.0 0.0600771427006
0.010375 0.01175 1.04 5.35 1.89 4.095 124.601229172
0.010375 0.01175 0.0 0.0 0.0 0.0 0.0385502177057
0.01175 0.013125 1.04 5.35 1.89 4.095 124.559369546
0.01175 0.013125 0.0 0.0 0.0 0.0 0.0400298240608
