 
1.908358094 1.53045699837 1.73637209649 1.55787304363
1.16589113654 0.896343236105 1.04763948649 0.993983738013
2.17803867603 1.97205075862 2.19022111017 1.84258843672
2.36340951277 2.18755926826 2.41915054807 2.00166059902
2.70622698445 2.61350662347 2.87758308725 2.17172643344
1.61774814577 1.30073000441 1.50339757598 1.36555405183
2.51084473565 2.40211590766 2.64720296531 2.10387519383
1.37727443487 1.08605374272 1.27092864854 1.17879400853
3.21980221451 3.29738264982 3.6230747425 2.53272689796
0.992841365742 0.749019648192 0.873275067046 0.8408120329
1.9512804015 1.7517095281 1.96217087821 1.72322245707
