0.0145 0.0163333333333 1.2044192912 2.9679 1.84719326644 4.7435
0.0145 0.0163333333333 0.0314549295535 0.0 0.073042544776 0.0
0.0163333333333 0.0181666666667 1.18595083971 2.9679 1.89269479754 4.7435
0.0163333333333 0.0181666666667 0.0460763965796 0.0 0.103951231547 0.0
0.0181666666667 0.02 1.18496175962 2.9679 2.22985341014 4.7435
0.0181666666667 0.02 0.0480903731011 0.0 0.206234855719 0.0
0.009 0.0108333333333 1.07999312892 2.9679 1.78381966048 4.7435
0.009 0.0108333333333 0.0217884320987 0.0 0.0368790842746 0.0
0.0 0.009 1.09603885869 2.9679 1.70344789214 4.7435
0.0 0.009 0.0160074489999 0.0 0.0419247289771 0.0
0.0108333333333 0.0126666666667 1.16268199812 2.9679 1.85034689141 4.7435
0.0108333333333 0.0126666666667 0.0187150892476 0.0 0.0484059584137 0.0
0.0126666666667 0.0145 1.24062659199 2.9679 1.91288082125 4.7435
0.0126666666667 0.0145 0.0246810067196 0.0 0.0781048970523 0.0
