 
2.74203568697 0.0628583430748 2.23924777972 2.56866784498 2.38151666555
1.82252646486 0.0269464259149 1.80852970504 2.12003932363 1.77538924883
2.26172789663 0.0405164302008 2.02493228244 2.33147619489 2.08061251667
1.30808568036 0.0152116094892 1.28234270306 1.56819532753 1.31768306234
2.4302935676 0.0500640373017 2.1286623343 2.43800315851 2.22992727226
1.66270203373 0.0224924885693 1.68353921078 1.99018330911 1.62465362062
1.08519952155 0.00952632608134 0.959491511004 1.19264353874 1.07814557206
1.96042112829 0.0315227207083 1.93630233279 2.24177038467 1.93044315982
3.45077821879 0.045117787095 2.7221554063 3.14665466174 3.11441375965
1.46898020717 0.0172949781014 1.51473082743 1.81521049475 1.46968992719
