0.011625 0.01425 1.03297138206 3.83743518829 2.29347196867 2.22563498371
0.022125 0.02475 0.804864588243 14.7454925749 1.5687003698 49.9999247785
0.01425 0.016875 1.17299188476 3.66227926714 2.16791454604 3.9337306614
0.009 0.011625 1.0628668454 3.26572549938 2.73176839862 1.27093276634
0.03 0.05 0.891951110162 8.76437422294 1.31980073846 13.7367606149
0.016875 0.0195 1.01608476159 5.87306992908 2.8837112397 0.492740168608
0.02475 0.027375 1.26995963376 2.75144546046 2.33468595097 3.75228999345
0.027375 0.03 1.26260675512 2.80499758329 2.33298937716 3.01426755996
0.0195 0.022125 1.05097257428 9.41921387378 5.5184713878 1.58573301732
0.0 0.009 0.984853293206 3.88418805036 2.50004936486 0.9168841419
0.01425 0.016875 1.17279024821 3.41154429536 2.18360848669 4.63483848089
0.009 0.011625 1.04575428946 3.44878640815 2.73031967062 1.21352050973
0.016875 0.0195 0.994366885825 6.56574392935 2.36548015523 1.74163888782
0.03 0.05 0.874655423798 9.31338313528 1.29396049303 49.9998318105
0.011625 0.01425 1.03104652379 4.08231080353 2.31186745466 2.25595694964
0.02475 0.027375 1.35632640312 2.15658346789 2.17825171619 4.50888034821
0.027375 0.03 1.01440712893 8.54381870631 2.15359069019 2.90132834161
0.022125 0.02475 1.1117813761 5.1509281179 4.75504667453 9.19251764565
0.0 0.009 0.919956058158 4.7203412021 2.4832028884 0.962279400247
0.0195 0.022125 0.863690724253 17.8808820834 2.33117929554 3.74723680902
0.03 0.05 0.874655423798 9.31338313528 1.29396049303 49.9998318105
0.02 0.0233333333333 0.876577729617 19.560266144 1.9945430863 12.1771973382
0.00666666666667 0.01 1.04764887459 3.55556795342 2.74429309571 0.763227193756
0.00333333333333 0.00666666666667 0.0190576811024 49.8681489325 0.125926311656 18.0038221795
0.0133333333333 0.0166666666667 1.20861941234 3.46568726549 2.24576621798 4.36686936067
0.01 0.0133333333333 0.967280557566 3.91261970098 2.43645257563 1.72951777713
0.0233333333333 0.0266666666667 1.21227486988 3.21522756477 1.96331797639 29.1680300015
0.0266666666667 0.03 0.803781133585 15.1418773567 2.13094813984 2.61072961127
0.0166666666667 0.02 0.975584559445 6.59932509621 2.45316324606 1.58933569287
0.0125 0.014 1.05694891445 3.57284726005 2.56921941459 1.24724463365
0.014 0.0155 1.21104852754 3.12568935732 2.13491062294 4.97148330284
0.0095 0.011 1.07431092033 3.18938805595 2.97426027629 0.789432501682
0.0 0.008 0.71910230434 6.12357184312 1.45269470109 2.5726745415
0.008 0.0095 1.09536708961 3.36061299734 2.55232042322 1.12063751889
0.0185 0.02 0.925788476641 8.67617694124 2.43672539343 2.1546437236
0.011 0.0125 0.834642442354 6.6600627409 2.19493081975 2.84905037753
0.017 0.0185 1.02304598352 5.67760137891 2.53791618781 1.04918416071
0.0155 0.017 1.0685586696 4.40599328696 1.99166772015 6.92949101646
0.02 0.05 0.978367745109 6.63757951879 1.72739045174 9.7637922909
0.014 0.0155 1.31542038807 2.53863305351 2.06978447167 28.8466169444
0.0125 0.014 1.12231461689 3.86107227376 2.59170513456 1.16045998363
0.02 0.05 0.971277851727 6.92212463702 1.77327490351 7.28164913169
0.0185 0.02 0.92004145475 8.69997584427 2.36428950804 2.68830812749
0.0155 0.017 1.05136621198 5.36149233382 2.36440585662 2.08315538713
0.017 0.0185 0.941173198498 8.19172142603 2.4581614466 1.39870679696
0.008 0.0095 1.08642304723 3.2922979659 2.49725223681 1.23250129236
0.0095 0.011 1.027756883 3.44480257612 3.26083621082 0.544334936406
0.011 0.0125 0.922613087349 4.47086362953 2.01655992143 3.64224579974
0.0 0.008 0.794233622034 6.39881231089 3.09916868142 0.20875364668
0.0 0.009 1.07531452329 3.48708595888 2.36566145833 1.32847025443
0.016875 0.0195 0.948337126273 7.45530870841 2.58436198016 1.06931848799
0.009 0.011625 1.02401875452 3.70127458358 2.51695107188 1.53796379833
0.03 0.05 0.815280966223 16.2971842353 1.26159882112 46.515279135
0.027375 0.03 1.12753537112 3.68787771505 1.7120299604 10.7443986379
0.011625 0.01425 0.997954340453 4.20519975186 2.33667284389 2.06784177513
0.0195 0.022125 0.847301182479 36.8997999838 2.10700873426 8.43554385497
0.022125 0.02475 1.19855359962 3.33076434646 1.92533558999 49.9898057333
0.01425 0.016875 1.19868569307 3.42795686293 2.4083886311 3.383691891
0.02475 0.027375 1.18274261138 3.6302522936 2.31668256814 3.38016791253
0.0195 0.022125 0.8323 5.5658 1.3757 6.9056
0.03 0.05 0.8323 5.5658 1.3757 6.9056
0.009 0.011625 0.8323 5.5658 1.3757 6.9056
0.0 0.009 0.8323 5.5658 1.3757 6.9056
0.022125 0.02475 0.8323 5.5658 1.3757 6.9056
0.016875 0.0195 0.8323 5.5658 1.3757 6.9056
0.02475 0.027375 0.8323 5.5658 1.3757 6.9056
0.011625 0.01425 0.8323 5.5658 1.3757 6.9056
0.027375 0.03 0.8323 5.5658 1.3757 6.9056
0.01425 0.016875 0.8323 5.5658 1.3757 6.9056
0.009 0.011625 1.02401875452 3.70127458358 2.51695107188 1.53796379833
0.0 0.009 1.07531452329 3.48708595888 2.36566145833 1.32847025443
0.0195 0.022125 0.847301182479 36.8997999838 2.10700873426 8.43554385497
0.027375 0.03 1.12753537112 3.68787771505 1.7120299604 10.7443986379
0.03 0.05 0.815280966223 16.2971842353 1.26159882112 46.515279135
0.022125 0.02475 1.19855359962 3.33076434646 1.92533558999 49.9898057333
0.01425 0.016875 1.19868569307 3.42795686293 2.4083886311 3.383691891
0.011625 0.01425 0.997954340453 4.20519975186 2.33667284389 2.06784177513
0.016875 0.0195 0.948337126273 7.45530870841 2.58436198016 1.06931848799
0.02475 0.027375 1.18274261138 3.6302522936 2.31668256814 3.38016791253
0.022125 0.02475 1.19855359962 3.33076434646 1.92533558999 49.9898057333
0.0195 0.022125 0.847301182479 36.8997999838 2.10700873426 8.43554385497
0.027375 0.03 1.12753537112 3.68787771505 1.7120299604 10.7443986379
0.01425 0.016875 1.19868569307 3.42795686293 2.4083886311 3.383691891
0.011625 0.01425 0.997954340453 4.20519975186 2.33667284389 2.06784177513
0.009 0.011625 1.02401875452 3.70127458358 2.51695107188 1.53796379833
0.03 0.05 0.815280966223 16.2971842353 1.26159882112 46.515279135
0.016875 0.0195 0.948337126273 7.45530870841 2.58436198016 1.06931848799
0.0 0.009 1.07531452329 3.48708595888 2.36566145833 1.32847025443
0.02475 0.027375 1.18274261138 3.6302522936 2.31668256814 3.38016791253
0.0195 0.022125 0.708290167442 7.24369791587 1.55646488026 5.20736444846
0.02475 0.027375 1.46145230235 1.57483662889 2.4821126783 1.36110343533
0.022125 0.02475 0.846506368463 3.72848518226 1.36793060946 9.8417680944
0.027375 0.03 1.17389292831 2.97163476422 1.60327429969 5.67124768702
0.01425 0.016875 0.872320345161 5.40471979348 1.42872436528 5.96030780129
0.03 0.05 0.482941320711 12.2244207343 1.0378173985 9.09541649163
0.011625 0.01425 0.883549176296 4.04438373436 1.46216677105 4.23352825227
0.016875 0.0195 0.736571658573 5.4404504152 1.09985880736 17.7834219299
0.0 0.009 0.956183291091 8.55312541434 1.36686315918 7.09674256818
0.009 0.011625 0.861447853484 6.96947099194 1.54025762892 5.83918486749
0.011625 0.01425 1.0498055977 3.65487517731 2.33552636657 2.2871344917
0.03 0.05 0.883662158055 7.97390261502 1.18637255511 49.9924061905
0.01425 0.016875 1.07209343119 4.93515163544 2.29072853063 3.07834593435
0.009 0.011625 1.04098844176 3.588736714 2.71189531897 1.18021626832
0.016875 0.0195 1.04897982612 5.42137488226 2.80625496153 0.689243103188
0.0 0.009 1.04568952521 3.53614284642 2.56938683237 0.928420790613
0.027375 0.03 0.836836708006 34.9649624444 1.8620424244 4.85875824253
0.022125 0.02475 1.20444057697 3.45188706068 1.88335068242 49.9969797534
0.0195 0.022125 0.82425692814 34.7544749121 2.03129162291 9.45441183563
0.02475 0.027375 1.23273835807 3.10718227514 3.28638002691 1.47748332291e-05
0.022125 0.02475 1.20546759535 3.47825197293 2.13761828097 10.8467482397
0.011625 0.01425 1.02909554963 4.00842461491 2.30679396438 2.19198343555
0.0195 0.022125 0.88571220585 15.0040999712 2.00714072269 11.5570056688
0.016875 0.0195 0.948953472915 9.38106000274 2.4601243142 1.57667630109
0.009 0.011625 1.01982965056 3.60594158737 2.52350516814 1.64730710826
0.027375 0.03 1.03874101838 4.51647966466 1.44075704163 49.991294327
0.01425 0.016875 1.1301889481 3.91052292608 2.58773284265 1.90643548419
0.03 0.05 0.854193014181 11.8013162243 1.23574424522 49.9987701148
0.0 0.009 1.05470051256 3.8015740669 2.56692195091 1.00288252284
0.02475 0.027375 0.787799105549 18.1108663797 1.92513120387 5.24260392698
0.03 0.05 0.839218730453 8.45342254736 1.16596027192 49.9843206134
0.0195 0.022125 0.920812376627 15.6467013761 9.38407676083 2.30895662001
0.0 0.009 1.06787386592 3.54715495934 2.6204387243 0.863934187925
0.016875 0.0195 0.978150329124 7.18793579198 2.31618824124 2.19206794625
0.027375 0.03 0.957434452351 15.7265692107 1.62192234102 9.23913475046
0.02475 0.027375 1.12419704964 3.74604247677 6.07847959311 0.206572336505
0.011625 0.01425 1.14431416014 3.19508064751 2.39360890158 2.11267790492
0.022125 0.02475 1.29125672123 3.15749406838 1.88835091716 49.9993423979
0.009 0.011625 1.02901937024 3.50846709345 2.54890586136 1.62313612329
0.01425 0.016875 1.06921095515 5.11863108317 2.73036621603 1.03775550184
0.027375 0.03 0.957434452351 15.7265692107 1.62192234102 9.23913475046
0.0 0.009 1.06787386592 3.54715495934 2.6204387243 0.863934187925
0.01425 0.016875 1.06921095515 5.11863108317 2.73036621603 1.03775550184
0.011625 0.01425 1.14431416014 3.19508064751 2.39360890158 2.11267790492
0.03 0.05 0.839218730453 8.45342254736 1.16596027192 49.9843206134
0.0195 0.022125 0.920812376627 15.6467013761 9.38407676083 2.30895662001
0.016875 0.0195 0.978150329124 7.18793579198 2.31618824124 2.19206794625
0.02475 0.027375 1.12419704964 3.74604247677 6.07847959311 0.206572336505
0.022125 0.02475 1.29125672123 3.15749406838 1.88835091716 49.9993423979
0.009 0.011625 1.02901937024 3.50846709345 2.54890586136 1.62313612329
0.027375 0.03 0.957434452351 15.7265692107 1.62192234102 9.23913475046
0.03 0.05 0.839218730453 8.45342254736 1.16596027192 49.9843206134
0.05 1.0 1.98309256161 0.465468925896 1.96973555527 1.26426738967
0.0 0.009 1.06787386592 3.54715495934 2.6204387243 0.863934187925
0.02475 0.027375 1.12419704964 3.74604247677 6.07847959311 0.206572336505
0.0195 0.022125 0.920812376627 15.6467013761 9.38407676083 2.30895662001
0.01425 0.016875 1.06921095515 5.11863108317 2.73036621603 1.03775550184
0.016875 0.0195 0.978150329124 7.18793579198 2.31618824124 2.19206794625
0.022125 0.02475 1.29125672123 3.15749406838 1.88835091716 49.9993423979
0.011625 0.01425 1.14431416014 3.19508064751 2.39360890158 2.11267790492
0.009 0.011625 1.02901937024 3.50846709345 2.54890586136 1.62313612329
0.009 0.011625 1.02901937024 3.50846709345 2.54890586136 1.62313612329
0.0 0.009 1.06787386592 3.54715495934 2.6204387243 0.863934187925
0.02475 0.027375 1.12419704964 3.74604247677 6.07847959311 0.206572336505
0.01425 0.016875 1.06921095515 5.11863108317 2.73036621603 1.03775550184
0.027375 0.03 0.957434452351 15.7265692107 1.62192234102 9.23913475046
0.03 1.0 0.886605604447 9.1501358413 1.28573274854 20.057944705
0.016875 0.0195 0.978150329124 7.18793579198 2.31618824124 2.19206794625
0.011625 0.01425 1.14431416014 3.19508064751 2.39360890158 2.11267790492
0.0195 0.022125 0.920812376627 15.6467013761 9.38407676083 2.30895662001
0.022125 0.02475 1.29125672123 3.15749406838 1.88835091716 49.9993423979
0.01675 0.018375 1.06794346915 5.43013077058 2.97228984143 0.407263076759
0.0 0.007 0.66456227278 49.9936520042 41.5085586656 46.7003431794
0.011875 0.0135 1.06230099273 3.56287233574 2.44339092344 1.6892540217
0.008625 0.01025 0.987577552991 3.86143742698 2.87070319491 0.833643685297
0.018375 0.02 0.970937307752 8.3759836697 2.05164923141 5.69666596221
0.015125 0.01675 0.959477117016 8.00704171087 2.76913833091 0.810231488316
0.01025 0.011875 0.971974191271 3.86897346418 2.28280401346 2.65745427756
0.02 1.0 0.971074745106 6.99133493638 1.76793269753 6.52687689224
0.007 0.008625 1.01337722458 3.82883799348 2.29627008211 1.15409563251
0.0135 0.015125 1.35910173364 2.46124874769 2.27202054054 3.78956630919
0.0 0.008 0.572250311749 7.79919733907 1.40798681043 2.39518061982
0.008 0.0095 1.0494071163 3.30878959728 2.43311823159 1.27268460859
0.02 1.0 0.971074745106 6.99133493638 1.76793269753 6.52687689224
0.017 0.0185 0.960563569922 6.21519261277 2.32595807755 2.14608211026
0.014 0.0155 1.19102156638 3.23495264473 1.93403417269 9.79729351849
0.0125 0.014 1.24207509291 3.21948490931 2.55380139929 1.24301074461
0.0095 0.011 1.02398142115 3.78146454848 2.73046264316 1.52693266922
0.0185 0.02 0.956069640156 8.96580265043 2.04941258408 5.59044635983
0.0155 0.017 0.990846211994 7.96507951741 3.02700759556 0.278395047747
0.011 0.0125 0.965854246921 3.55448574278 2.0529386448 4.24158227341
0.0095 0.011 1.08005496599 3.50306748288 2.71863956646 1.61056972652
0.0 0.008 3.55087448672 0.610065320007 3.49497024459 0.626674639599
0.008 0.0095 1.04622542056 3.37298266452 2.64706847885 0.901976207657
0.0155 0.017 0.986685723515 8.15607001197 3.10140552106 0.185668684626
0.0125 0.014 1.29814110588 2.97112551706 2.59440094389 1.16817519866
0.011 0.0125 0.985311999105 3.41469025245 2.06218185271 4.13465137406
0.0185 0.02 1.11986288932 6.45398888353 5.42341993943 5.09616364386
0.014 0.0155 1.21726139726 3.12965487877 1.93497659975 10.955597771
0.02 1.0 0.947875820858 7.45268339955 1.70569132196 7.62682555594
0.017 0.0185 0.94748433705 6.26686701135 2.35700361568 2.03635061751
0.02725 0.03 0.899382342214 27.1646227559 1.6585208915 8.24153674766
0.0 0.008 0.572250311749 7.79919733907 1.40798681043 2.39518061982
0.0245 0.02725 1.09169240407 3.76437219566 3.1635486878 0.0504320595053
0.01075 0.0135 1.04369159231 3.62553084086 2.40685199475 1.83125605189
0.008 0.01075 1.02198362729 3.59293292993 2.68935669264 1.19364630737
0.03 1.0 0.886605604447 9.1501358413 1.28573274854 20.057944705
0.02175 0.0245 1.27263709862 3.24362452932 1.96884527259 49.9999467543
0.01625 0.019 0.949882130789 7.6307920245 2.88293334994 0.473292536434
0.019 0.02175 0.869876711311 20.9725807905 2.13485906758 8.21084263845
0.0135 0.01625 1.2042780742 3.46683866288 2.16478296909 4.89376444096
0.027375 0.03 0.957434452351 15.7265692107 1.62192234102 9.23913475046
0.0 0.009 1.06787386592 3.54715495934 2.6204387243 0.863934187925
0.03 1.0 0.886605604447 9.1501358413 1.28573274854 20.057944705
0.011625 0.01425 1.14431416014 3.19508064751 2.39360890158 2.11267790492
0.01425 0.016875 1.06921095515 5.11863108317 2.73036621603 1.03775550184
0.009 0.011625 1.02901937024 3.50846709345 2.54890586136 1.62313612329
0.0195 0.022125 0.920812376627 15.6467013761 9.38407676083 2.30895662001
0.02475 0.027375 1.12419704964 3.74604247677 6.07847959311 0.206572336505
0.022125 0.02475 1.29125672123 3.15749406838 1.88835091716 49.9993423979
0.016875 0.0195 0.978150329124 7.18793579198 2.31618824124 2.19206794625
