 
0.652278125601 0.551586607518 0.712572537363 0.602541603148
2.24072527477 2.08634778587 2.25000994735 2.1782624556
1.83073893517 1.77719541772 1.97754641503 1.81420107541
2.11875868492 1.95806396189 2.14029330974 1.99868456892
1.49919808928 1.34449845475 1.57618704414 1.44719508987
2.61047266023 2.28600796133 2.45464947694 2.37321680029
1.09504925497 0.979307882327 1.19302538907 1.08484090447
1.7058310089 1.54982768966 1.77561182106 1.63195230413
0.945580317165 0.824175511881 1.00699540482 0.932474767654
0.834808012245 0.696984248237 0.849265399277 0.799358180719
3.09210324035 2.85391174012 3.07324904387 3.06629859193
1.25465679642 1.15398585692 1.38617146387 1.2649162048
