3.09556220115 0.038834618618 2.58135516657 3.03685764224
5.26415026288 0.0529228618086 5.00086340384 5.81788714718
2.81309859386 0.0280411449284 2.33955012903 2.75203894239
3.66608474762 0.0301067276622 3.07440412282 3.61235967663
2.51271599947 0.0194294566765 2.09867063681 2.46413363673
2.22222579959 0.0137124808896 1.85557849909 2.17289100508
1.86134471831 0.00842366198747 1.61571166131 1.87325149957
1.53998796828 0.00473313504683 1.38359746469 1.56292236354
1.09433026479 0.00447461803492 0.946280202455 1.06586560195
0.872124908225 0.00423242551684 0.680072138917 0.824564082374
1.24779066772 0.00357457307435 1.14779011594 1.28333100942
