 
1.54999746876 0.0370544911184 1.26934960749 1.5453157773 1.45773178189
1.74879580072 0.0416742684053 1.42789030222 1.70912084931 1.60110356407
2.46325284827 0.0584582030502 1.93213172322 2.22072850331 2.03704669379
1.40461078854 0.034670613391 1.11562914924 1.37368108598 1.30150573684
1.21270348987 0.0354270076645 0.979757359006 1.21230357376 1.14810880025
1.90141438864 0.0463889634487 1.59984499753 1.87851421785 1.74153106924
3.22079679928 0.0336944876059 2.94721772698 3.18951914095 2.72459308222
2.60034727984 0.0626737062805 2.083497485 2.38670261054 2.17893099619
2.17007971619 0.0526195066746 1.76377918984 2.04767852914 1.89426829224
0.96877187908 0.0511575750959 0.858682722078 1.04190657894 0.996484597035
