 
2.14930151163 0.0327498471366 1.76120143758 2.0480880542 1.86178298662
2.31932319667 0.0393693252604 1.91052112715 2.21659498015 1.99002438998
1.05139351313 0.0151129579236 0.819361049374 1.02842951714 0.975422602228
1.44774656553 0.0181482321873 1.10450947993 1.37155174251 1.28567709312
1.78184983335 0.0249208628201 1.44453802329 1.71080386668 1.58185121915
2.36081930258 0.0434820297111 2.06677935992 2.38257250765 2.09252641235
1.24041408024 0.0158023737667 0.961667718889 1.20401789901 1.13589623429
1.58585593523 0.0201740037252 1.26552790401 1.54130671802 1.43346507312
1.8857483747 0.0281147746591 1.60616761502 1.87847989227 1.72322429018
3.04233742859 0.0315207272569 2.91108438354 3.15577336227 2.52084143244
