 
1.83299006962 1.69713947485 1.97599557982 1.79027217554
0.917362932668 0.805573529994 1.00443157392 0.93234573593
2.17776132159 2.06477794071 2.35014140748 2.24418244411
1.26835358061 1.16992053033 1.43532978662 1.30055219607
1.00060055227 0.934640227623 1.16457595984 1.05516853255
1.54183408671 1.42527438316 1.69892373624 1.54731831258
1.16585512259 1.05115727263 1.29970534914 1.17723439033
0.812501880907 0.688995272221 0.859156067885 0.806230013698
1.38824160276 1.29870248856 1.56861108483 1.42151227832
1.69752472691 1.5446598101 1.82133565155 1.66894377164
