0.01675 0.018375 1.81926578484 1.22281032083 12.6977797817 0.684186012926
0.01675 0.018375 0.0812328423387 0.197007086877 40.0154538746 5.77804710596
0.0 0.007 1.36308012765 1.55298690035 2.49515007986 1.2795735713
0.0 0.007 0.0392441741774 0.0790397334462 0.0945190609678 0.196002696231
0.007 0.008625 1.32391952936 1.84550543261 2.33148927427 1.67835614514
0.007 0.008625 0.0346463170789 0.0819602538768 0.086783436376 0.212617801245
0.008625 0.01025 1.33649564786 1.89548107848 2.53689282076 1.5291976397
0.008625 0.01025 0.0356136144208 0.0935275883761 0.0918214239816 0.241594921657
0.011875 0.0135 1.447415768 2.00929013457 2.59511265694 1.21363340551
0.011875 0.0135 0.0788037609262 0.225414777171 0.137481126563 0.333896222225
0.01025 0.011875 1.4899701189 1.90531597857 2.46104642333 1.52540853111
0.01025 0.011875 0.0404506475643 0.118638290971 0.112021044527 0.296007253286
0.015125 0.01675 1.31101373113 2.82987810108 1.92388384302 7.60807168635
0.015125 0.01675 0.104064360923 0.604509309729 0.248434090738 6.39285274849
0.018375 0.02 1.02174873604 3.38355819332 1.23656068234 22.3793570078
0.018375 0.02 0.320945804055 2.15325006279 0.307578117064 27.0436131282
0.0135 0.015125 1.69988237111 1.6214666727 3.07215143438 0.783245528876
0.0135 0.015125 0.0773821689007 0.220167051089 0.249521181121 0.570256259998
0.01525 0.016625 1.39900405072 2.42208624949 1.89913452708 6.90666298551
0.01525 0.016625 0.249214804669 0.947013298237 0.241461468805 5.55264374581
0.0125 0.013875 1.49338260509 1.98250573062 2.83573119282 0.841368352609
0.0125 0.013875 0.0661264522887 0.216406242903 0.20819376321 0.423007464446
0.00975 0.011125 1.4141806696 1.96625166456 2.50843050618 1.57995624418
0.00975 0.011125 0.044118714073 0.125441710467 0.0978150885412 0.280524983243
0.008375 0.00975 1.3773499408 1.75593480475 2.6494628124 1.26438346489
0.008375 0.00975 0.0371557159269 0.0890986910513 0.104168872677 0.233082767734
0.011125 0.0125 1.49041671478 1.9427486488 2.5036486991 1.4053035207
0.011125 0.0125 0.064051092777 0.179445802204 0.116814129268 0.314734415748
0.007 0.008375 1.32278911003 1.846092808 2.31921101916 1.65602898988
0.007 0.008375 0.0363506230795 0.0871873724111 0.0822274287271 0.204936763639
0.013875 0.01525 1.59972465346 1.91607500309 3.14731668118 0.575993851751
0.013875 0.01525 0.106753878285 0.337216763674 0.370822577045 0.666443815775
0.016625 0.018 1.73766986114 1.4604650337 16.5476746855 0.65739521076
0.016625 0.018 0.0894323467769 0.243454704266 36.8865950539 5.72724239326
0.0 0.007 1.36308012765 1.55298690035 2.49515007986 1.2795735713
0.0 0.007 0.0392441741774 0.0790397334462 0.0945190609678 0.196002696231
