 
1.17194534313 0.0291104094502 1.07925494432 1.33047656605 1.2093547236
1.75682962568 0.0353302725184 1.88033035752 2.16191155964 1.71106029286
1.91804432292 0.0399210480781 2.06084934486 2.34122656214 1.87859746818
2.68929370627 0.0688342657905 2.47504103487 2.71426060058 2.38716156774
0.994250754432 0.0336826159913 0.922382649455 1.13058210527 1.0365477554
2.53359810075 0.0603164042771 2.32850567855 2.57987169277 2.2150122802
3.44849228275 0.0446246726637 2.96005245084 3.20673923747 3.09992786676
2.26137262006 0.0485782938034 2.23515082962 2.50829943209 2.04526685163
1.36269478236 0.0310490257464 1.28776294697 1.56678745639 1.37536721679
1.56406533296 0.0317105950975 1.59315574469 1.87388552107 1.54483781692
