0.966778576374 0.729529559612 0.968145668507 0.00141207276657
1.66914749146 1.29458987713 1.62859356403 -0.0249011959258
1.09708893299 0.821417093277 1.03087186813 -0.0642340400436
1.45740580559 1.10010349751 1.43517911434 -0.0154870503785
1.3383859396 1.00603020191 1.3477294445 0.00693277493031
1.2175194025 0.9129961133 1.24939835072 0.0255154396461
2.68382024765 2.23472166061 2.78001689911 0.0346029016908
1.56647980213 1.19737160206 1.57421958447 0.00491658368995
1.96442139149 1.58727991581 2.04383540154 0.0388553843369
2.58333754539 2.14404797554 2.82786941528 0.0864721222864
2.78294491768 2.32270622253 2.97024154663 0.0630577096211
2.37488889694 1.96304726601 2.51853489876 0.0570355415312
4.86107158661 4.73089408875 4.23434591293 -0.148010031906
2.9976747036 2.50731158257 2.98791193962 -0.00326742025011
3.44973683357 2.9913277626 3.51808261871 0.019426998325
2.16731023788 1.77683150768 2.24898076057 0.0363144603642
3.09894871712 2.60047149658 3.18003892899 0.0254997544619
2.27639055252 1.87240827084 2.44665908813 0.0695922600904
1.77277112007 1.39127492905 1.84327697754 0.0382502783503
2.47727632523 2.05258774757 2.71068191528 0.0861058572536
2.89391088486 2.41773509979 3.01537656784 0.0402820942097
1.86588871479 1.49196183681 1.78394639492 -0.0459331738349
2.06673622131 1.68154430389 2.1882481575 0.0555293218327

