0.5394
0.539311
0.534649
0.53892
0.535467
0.534846
0.533518
0.541827
0.535911
0.537845
0.536171
0.542112
0.530896
0.534934
0.534556
0.535673
0.537826
0.535866
0.53097
0.539204
0.535988
0.536309
0.539975
0.534716
0.534429
0.536284
0.535574
0.537864
0.537333
0.534956
0.537372
0.531056
0.534729
0.539782
0.53501
0.533816
0.533907
0.535382
0.534445
0.538013
0.538157
0.533908
0.534072
0.537101
0.532248
0.533815
0.536862
0.533401
0.540153
0.537355
0.534493
0.536647
0.541339
0.536132
0.537887
0.53568
0.533417
0.539817
0.53894
0.53687
0.534616
0.534756
0.533531
0.535494
0.538386
0.536085
0.539601
0.537512
0.531074
0.537687
0.534339
0.533513
0.535836
0.536915
0.533029
0.535802
0.540529
0.534653
0.536957
0.536118
0.540205
0.531506
0.534414
0.534126
0.537158
0.539935
0.538052
0.533266
0.536608
0.538074
0.539421
0.538091
0.536229
0.539697
0.535965
0.535094
0.537824
0.535797
0.540689
0.52999
