0.50576
0.51372
0.519
0.5335
0.533
0.529
0.517
0.52348
0.50744
0.5195
0.528
0.524
0.52688
0.522
0.513
0.514
0.532
0.527
0.52168
0.53928
0.53516
0.534
0.515
0.5242
0.52
0.53064
0.52804
0.535
0.52222
0.526
0.529
0.519
0.509
0.536
0.524
0.52
0.51544
0.524
0.526
0.5335
0.514
0.5175
0.51244
0.532
0.524
0.523
0.5275
0.506
0.5245
0.522
0.514
0.528
0.532
0.534
0.526
0.51456
0.515
0.5355
0.531
0.52616
0.532
0.53816
0.516
0.522
0.5385
0.535
0.53266
0.52666
0.534
0.544
0.52316
0.5185
0.5255
0.535
0.538
0.52816
0.523
0.53716
0.532
0.529
0.518
0.5165
0.51216
0.535
0.52
0.526
0.53
0.53
0.51
0.51416
0.52516
0.51
0.51616
0.528
0.5315
0.511
0.512
0.539
0.52
0.5355
