0.541327
0.544936
0.540675
0.542294
0.53802
0.541042
0.537126
0.546919
0.540573
0.546466
0.538217
0.554356
0.540005
0.534672
0.538532
0.539658
0.546706
0.546891
0.532994
0.538394
0.535566
0.542578
0.542842
0.538738
0.53711
0.541616
0.541263
0.543732
0.538804
0.537742
0.540278
0.540792
0.543123
0.536887
0.539912
0.540001
0.54113
0.537791
0.543983
0.540858
0.541205
0.53837
0.53811
0.539807
0.537125
0.536647
0.537524
0.539748
0.547022
0.541397
0.537932
0.541539
0.546419
0.53817
0.54094
0.537804
0.534127
0.542608
0.545682
0.542842
0.538577
0.537751
0.538607
0.537017
0.541841
0.541288
0.54007
0.541083
0.540519
0.541603
0.536745
0.538974
0.54367
0.537653
0.539546
0.540516
0.546476
0.544413
0.54315
0.542539
0.542598
0.538565
0.543139
0.542766
0.5412
0.540203
0.537679
0.542633
0.539006
0.541642
0.541523
0.540391
0.543999
0.542523
0.538046
0.540329
0.54053
0.542633
0.546161
0.541201
