124.989
124.994
124.991
124.995
124.989
124.984
124.97
124.989
124.987
124.986
124.998
124.982
124.988
124.991
124.996
124.968
124.982
124.992
124.981
124.981
124.989
125
124.999
124.984
124.989
125
124.987
124.982
124.99
124.976
124.992
124.984
124.981
124.992
124.98
125.004
124.991
124.984
124.986
124.983
124.991
124.985
124.993
124.984
124.987
125.001
124.995
124.989
124.99
124.989
124.989
124.981
124.986
124.991
124.989
124.992
124.984
124.992
124.993
124.992
125.003
124.991
124.982
124.997
125.004
124.992
124.979
124.997
124.992
124.99
124.99
124.985
124.989
124.999
124.995
124.989
124.984
124.976
124.983
124.988
124.99
124.989
124.986
124.991
124.983
124.987
125.002
124.987
125
124.986
124.989
124.997
124.992
124.988
124.983
124.981
124.99
124.983
124.985
124.983
