0.522
0.536
0.524
0.5195
0.51608
0.517
0.5264
0.53
0.54244
0.5315
0.527
0.524
0.519
0.51692
0.523
0.528
0.537
0.517
0.53068
0.534
0.51216
0.515
0.521
0.531
0.52996
0.527
0.518
0.544
0.52722
0.535
0.522
0.54152
0.517
0.508
0.525
0.534
0.523
0.509
0.5376
0.5235
0.526
0.5355
0.518
0.514
0.532
0.52
0.51726
0.536
0.5365
0.526
0.517
0.52096
0.522
0.536
0.523
0.52
0.526
0.5255
0.524
0.511
0.521
0.505
0.52816
0.52616
0.5205
0.523
0.5345
0.5305
0.524
0.529
0.522
0.5255
0.52566
0.531
0.52
0.52816
0.512
0.526
0.525
0.513
0.53216
0.5395
0.527
0.527
0.53816
0.537
0.519
0.52016
0.523
0.538
0.523
0.534
0.532
0.523
0.5225
0.513
0.53
0.51816
0.52516
0.5395
