0.509
0.519
0.521
0.531
0.531
0.533
0.521
0.52872
0.51
0.521
0.5355
0.524
0.526
0.519
0.517
0.514
0.5356
0.5345
0.52116
0.526
0.53668
0.53924
0.52
0.52476
0.5212
0.53284
0.52
0.53752
0.52
0.522
0.5305
0.525
0.511
0.542
0.52588
0.517
0.515
0.528
0.5268
0.538
0.51868
0.5116
0.518
0.535
0.526
0.525
0.529
0.51332
0.529
0.525
0.51
0.532
0.534
0.53664
0.525
0.516
0.51628
0.535
0.528
0.52588
0.531
0.5372
0.515
0.523
0.538
0.533
0.526
0.537
0.544
0.52012
0.51552
0.524
0.539
0.54
0.526
0.523
0.537
0.534
0.53
0.5145
0.513
0.534
0.52148
0.529
0.533
0.5318
0.51196
0.515
0.527
0.503
0.5122
0.531
0.531
0.511
0.512
0.539
0.52
0.5355
0.5396
0.517
