0.539832
0.543995
0.539798
0.542302
0.542022
0.54684
0.538079
0.547023
0.537654
0.544617
0.538635
0.554577
0.541881
0.533263
0.537626
0.543165
0.546412
0.546454
0.533091
0.538017
0.542991
0.546671
0.545041
0.541042
0.537643
0.54122
0.539267
0.544858
0.537765
0.538396
0.540087
0.538479
0.542941
0.535171
0.537246
0.538992
0.543548
0.539474
0.541277
0.541534
0.542727
0.538073
0.53869
0.539744
0.536327
0.53633
0.538362
0.542013
0.54563
0.541002
0.53827
0.543613
0.54635
0.538683
0.540927
0.539428
0.53446
0.541126
0.546492
0.541498
0.538628
0.538448
0.540062
0.537198
0.541911
0.541936
0.539576
0.542266
0.538237
0.540956
0.537022
0.540163
0.541657
0.537691
0.539592
0.538524
0.546272
0.539875
0.543366
0.54281
0.542505
0.53969
0.543791
0.543743
0.540886
0.539931
0.537966
0.541732
0.536922
0.542894
0.542818
0.536432
0.543221
0.542194
0.538096
0.540329
0.54053
0.542633
0.546161
0.541201
