0.538404
0.537969
0.535665
0.540045
0.536628
0.539899
0.534317
0.539989
0.532719
0.536309
0.537075
0.542531
0.533255
0.532955
0.534232
0.536627
0.538156
0.536715
0.532972
0.536581
0.539805
0.538788
0.543312
0.536775
0.533494
0.535403
0.535939
0.537983
0.535644
0.536421
0.536527
0.531552
0.534205
0.539641
0.535497
0.534221
0.535631
0.535612
0.532861
0.539926
0.538977
0.535148
0.53634
0.536873
0.532083
0.534673
0.538692
0.534556
0.539194
0.53709
0.534869
0.537753
0.542184
0.536476
0.536836
0.536896
0.533185
0.537443
0.538892
0.535701
0.534896
0.53564
0.532943
0.535927
0.538089
0.536236
0.538584
0.537986
0.52977
0.536777
0.533776
0.534459
0.535356
0.53657
0.533721
0.536124
0.541612
0.533684
0.537248
0.535376
0.540761
0.532396
0.534633
0.534672
0.536226
0.537739
0.538326
0.53412
0.534794
0.539804
0.540378
0.536244
0.535374
0.539216
0.53597
0.535094
0.537824
0.535797
0.540689
0.52999
