0.52616
0.534
0.524
0.532
0.52016
0.523
0.537
0.52472
0.53
0.533
0.5185
0.529
0.529
0.522
0.522
0.531
0.5366
0.5235
0.52
0.536
0.507
0.51
0.517
0.53076
0.529
0.53
0.529
0.536
0.52668
0.533
0.5195
0.5378
0.515
0.504
0.527
0.534
0.52
0.512
0.537
0.52
0.529
0.54
0.517
0.51276
0.524
0.5222
0.50932
0.53132
0.52968
0.52532
0.517
0.516
0.522
0.53764
0.522
0.5218
0.527
0.523
0.52832
0.514
0.52272
0.504
0.527
0.522
0.518
0.536
0.531
0.52
0.524
0.518
0.52752
0.527
0.53264
0.51832
0.529
0.5094
0.526
0.52424
0.51
0.5405
0.52684
0.5302
0.53348
0.53756
0.516
0.52
0.518
0.53928
0.526
0.53784
0.5342
0.521
0.524
0.513
0.53
0.51816
0.52516
0.5395
0.527
0.541
