124.988
124.991
124.988
124.989
124.984
124.987
124.975
124.979
124.99
124.983
124.991
124.982
124.987
124.989
124.996
124.97
124.982
124.988
124.976
124.976
124.994
124.999
124.99
124.986
124.991
124.997
124.988
124.987
124.988
124.976
124.99
124.989
124.984
124.995
124.983
125.003
124.99
124.993
124.989
124.988
124.995
124.982
124.992
124.979
124.987
124.997
124.996
124.987
124.988
124.995
124.986
124.98
124.989
124.995
124.989
124.988
124.981
124.996
124.991
124.994
125.003
124.989
124.978
124.998
125.004
124.98
124.979
124.998
124.991
124.987
124.985
124.983
124.993
125.002
124.995
124.99
124.984
124.978
124.981
124.988
124.971
124.992
124.985
124.989
124.985
124.987
125.001
124.984
125.001
124.984
124.991
124.996
124.991
124.989
124.983
124.981
124.99
124.983
124.985
124.983
