 
1.31916260809 0.0176000754742 1.05817406792 1.31665349052 1.23543505082
1.67678820162 0.0239508740173 1.34297798713 1.62422369448 1.51194984516
1.93463556409 0.0295508131638 1.64792529336 1.93192226539 1.77456677344
2.07904948064 0.0352268947294 1.78739565362 2.08671886461 1.90105030418
1.49782965293 0.0212138093299 1.19364853699 1.4693567984 1.37254189282
1.80802196023 0.0283441123728 1.4963736088 1.77660087226 1.64508147293
2.28654941805 0.0405816434337 1.92468025226 2.23813760217 2.00464442067
1.13093437545 0.0113831246786 0.87921254116 1.09828076203 1.04013787337
3.13232998018 0.0304456042812 2.72988289672 3.13845689576 2.55150889878
2.42702741986 0.04571541541 2.05611718716 2.39057950577 2.11117973687
