 
0.924877070687 0.0445624494031 0.691653724273 0.89955306653
3.0184093633 0.0398468803372 2.52320327494 2.8835000854
4.11192071713 0.0527088078627 4.73179452586 3.91349864669
3.34612091622 0.0380989125831 2.99626464084 3.22391551632
1.70660407171 0.022330904784 1.3403385273 1.71471936238
2.52472265899 0.0224553926032 2.05926653037 2.37984297291
1.976969285 0.0198899061303 1.58256205602 1.91184669779
1.13410983468 0.0168548404402 0.845248422997 1.13615624861
2.74628367796 0.0308818957721 2.29109021978 2.62738099141
1.44799667506 0.0213674603549 1.07370704445 1.45478147731
2.22670233953 0.0199854416491 1.82538151669 2.14808954713
