 
1.09226831953 0.0327330671498 0.925947145576 1.12717932606 1.0713470562
1.69523640527 0.0429436488108 1.33395145396 1.62077436487 1.52315296426
1.83259917459 0.0460081569159 1.47619834057 1.7738071617 1.6604621898
1.32755061071 0.0359792982923 1.07176299592 1.31758498747 1.24611269844
1.42743947814 0.0365549604646 1.19870882781 1.47072563905 1.39032405946
1.9451800091 0.050233967388 1.63410861965 1.93151925245 1.79538125925
2.47805620961 0.0631085134413 2.06510037156 2.3920041601 2.19016565432
2.20885287008 0.0522206966742 1.91843395196 2.23818754675 2.05819593819
2.14005095627 0.0525593305015 1.77907722482 2.08408353644 1.93098507014
3.29550932281 0.0328780707265 2.80804916199 3.19224065439 2.77940153149
1.42743947814 0.0365549604646 1.19870882781 1.47072563905 1.39032405946
1.9451800091 0.050233967388 1.63410861965 1.93151925245 1.79538125925
1.32755061071 0.0359792982923 1.07176299592 1.31758498747 1.24611269844
1.09226831953 0.0327330671498 0.925947145576 1.12717932606 1.0713470562
1.69523640527 0.0429436488108 1.33395145396 1.62077436487 1.52315296426
1.83259917459 0.0460081569159 1.47619834057 1.7738071617 1.6604621898
2.14005095627 0.0525593305015 1.77907722482 2.08408353644 1.93098507014
2.20885287008 0.0522206966742 1.91843395196 2.23818754675 2.05819593819
2.47805620961 0.0631085134413 2.06510037156 2.3920041601 2.19016565432
3.29550932281 0.0328780707265 2.80804916199 3.19224065439 2.77940153149
